Case-1: 20 0 100 1
Case-2: 17 -7 60 0.41666666666667
Case-3: 20 8 84 2.3333333333333
Case-4: 65 47 504 6.2222222222222
